2.041076905051896484e-01
-7.081002438349146347e-03
6.589557726461675591e-01
7.419707596202880229e-01
4.860585098903661971e-01
2.922411893154822082e-01
2.306104375927613415e-01
1.567927074137400512e+00
2.322210179109438222e-01
1.371932756305489221e-01
6.853598183677972466e-01
1.226752758065616566e+00
-2.679109543016875983e-01
2.291902891967908806e-01
4.322190074324130937e-01
6.892314813812526753e-01
4.557263272711795099e-01
5.618447194312654602e-01
2.038066891091836030e+00
4.722056676940770692e-01
1.165298117496396113e-01
-4.524161342176324374e-01
7.992878831366195813e-01
4.067840956661685214e-01
-1.791969271588066404e-01
6.979944212335714715e-02
-2.366062974862198354e-01
8.169971616928842773e-01
9.035665382926899580e-01
-2.341423049970769721e-01
4.541651945250855249e-01
