1.527890263787914649e-01
8.720931338133104394e-01
1.716745314579485870e-01
7.916132683447030249e-01
3.026233925580397721e-01
6.108539691002110583e-01
8.459970932049951653e-01
5.297888142676262513e-01
6.212649675178436720e-02
1.683499136205090715e-02
1.085825161428209951e-01
6.721285153545096813e-01
4.526302285779968959e-01
1.570242773953920701e-01
9.577116865065706808e-01
-1.390017187182101405e-02
9.100727431219342300e-02
2.836679104448495137e-01
4.761288884997952886e-01
5.305319824124788974e-01
9.932004455751659577e-01
-1.300492413102495859e-01
2.822449549452927808e-01
1.271091624869833195e-02
1.156921156150126917e-01
-1.130737380434814338e-01
2.509228003795718198e-01
7.407464289882077502e-01
6.582925644614532334e-01
-1.121158010480270972e-01
-3.503102782748093724e-01
-8.455730290106704128e-02
7.230057729003235290e-01
6.913066705793086131e-01
-1.433218387841270758e-01
3.620877086173220905e-01
1.642172716045275926e-03
