7.207308134087756502e-01
-4.761552209280409814e-02
5.690155636890175117e-01
7.680317172596708986e-01
4.088825819777554549e-01
1.286967351466770382e-01
-1.702298182065240038e-04
7.572985831487849540e-01
-2.685751551946417154e-02
-1.282363617417768276e-01
7.817158545691844651e-01
1.074615105171821350e+00
-1.751975125371589836e-01
2.136153849943780714e-01
1.005129542769204631e+00
7.299509398462985521e-01
9.756480883149294403e-01
1.774320715068172447e-03
1.032364825562480881e+00
9.511112247708194412e-01
4.334280217464677159e-04
-1.225954904455559269e-01
5.026661464443621385e-01
2.940250139795039797e-01
4.845674457883974301e-02
1.429184770509975104e-02
3.272976936734623976e-01
4.979462369845506498e-01
4.230719887576341320e-01
3.552749207138019560e-01
8.052231968327464573e-01
